Object: red_cube_0
Orientation:
  w = -0.0350066
  x = 0.707025
  y = 0.706006
  z = 0.021098
Position:
  x = -0.0962533
  y = -0.149848
  z = 1.90383
*-*-*-*-*-*-*-*-*-*-*-*-*-*-*-*-*-*-*-*

